teleportenabled: true
teleportauto: false
godmode: false
muted: false
jailed: false
ip-address: 101.128.125.23
afk: false
socialspy: false
npc: false
powertoolsenabled: true
accepting-pay: true
baltop-exempt: false
timestamps:
  lastteleport: 1681384734580
  lastheal: 0
  mute: 0
  jail: 0
  onlinejail: 0
  logout: 1681385056298
  login: 1681383129692
money: '0'
last-account-name: dvelix21
logoutlocation:
  world: 9a1a0f89-647a-486f-b5bb-46b01bf7ca9f
  world-name: world
  x: 169.08326545779332
  y: 70.5
  z: -162.52330333749785
  yaw: -82.29351806640625
  pitch: 1.7669227123260498
lastlocation:
  world: 9a1a0f89-647a-486f-b5bb-46b01bf7ca9f
  world-name: world
  x: 780.7522337926824
  y: 101.0
  z: 93.9999859509246
  yaw: -44.885986328125
  pitch: 42.836631774902344
homes:
  home:
    world: 9a1a0f89-647a-486f-b5bb-46b01bf7ca9f
    world-name: world
    x: 157.58902870505415
    y: 126.0
    z: -209.39914754792972
    yaw: -89.54852294921875
    pitch: 84.32379913330078
  alpat:
    world: 9a1a0f89-647a-486f-b5bb-46b01bf7ca9f
    world-name: world
    x: 783.6999999880791
    y: 100.0
    z: 91.30000001192093
    yaw: 54.7333984375
    pitch: 22.80281639099121
  ande:
    world: 9a1a0f89-647a-486f-b5bb-46b01bf7ca9f
    world-name: world
    x: 235.30000001192093
    y: 57.0
    z: -243.30247080143462
    yaw: -178.4722900390625
    pitch: -5.198662281036377
  dessert:
    world: 9a1a0f89-647a-486f-b5bb-46b01bf7ca9f
    world-name: world
    x: 357.69999998807907
    y: 63.0
    z: 1426.699999988079
    yaw: -101.33958435058594
    pitch: 9.697352409362793
  zspawn:
    world: 9a1a0f89-647a-486f-b5bb-46b01bf7ca9f
    world-name: world
    x: 245.51659585295377
    y: 41.0
    z: -140.56361790619098
    yaw: 177.5430908203125
    pitch: 27.62989616394043
