teleportenabled: true
teleportauto: false
godmode: false
muted: false
jailed: false
ip-address: 175.158.50.150
afk: false
socialspy: false
npc: false
powertoolsenabled: true
accepting-pay: true
baltop-exempt: false
timestamps:
  lastteleport: 1680936083572
  lastheal: 0
  mute: 0
  jail: 0
  onlinejail: 0
  logout: 1680936222947
  login: 1680929800515
money: '0'
last-account-name: dvelix21
logoutlocation:
  world: 6034014e-1cfb-4c26-aaf4-458439dc4cc1
  world-name: world_the_end
  x: -926.4197395768936
  y: 59.0
  z: -1886.062489398971
  yaw: 162.0020751953125
  pitch: 21.084257125854492
lastlocation:
  world: 6034014e-1cfb-4c26-aaf4-458439dc4cc1
  world-name: world_the_end
  x: -654.1518809206813
  y: 64.0
  z: -1715.0800752890627
  yaw: -178.77699279785156
  pitch: 0.9770982265472412
homes:
  home:
    world: 9a1a0f89-647a-486f-b5bb-46b01bf7ca9f
    world-name: world
    x: 157.58902870505415
    y: 126.0
    z: -209.39914754792972
    yaw: -89.54852294921875
    pitch: 84.32379913330078
  alpat:
    world: 9a1a0f89-647a-486f-b5bb-46b01bf7ca9f
    world-name: world
    x: 783.6999999880791
    y: 100.0
    z: 91.30000001192093
    yaw: 54.7333984375
    pitch: 22.80281639099121
  ande:
    world: 9a1a0f89-647a-486f-b5bb-46b01bf7ca9f
    world-name: world
    x: 235.30000001192093
    y: 57.0
    z: -243.30247080143462
    yaw: -178.4722900390625
    pitch: -5.198662281036377
  dessert:
    world: 9a1a0f89-647a-486f-b5bb-46b01bf7ca9f
    world-name: world
    x: 357.69999998807907
    y: 63.0
    z: 1426.699999988079
    yaw: -101.33958435058594
    pitch: 9.697352409362793
  zspawn:
    world: 9a1a0f89-647a-486f-b5bb-46b01bf7ca9f
    world-name: world
    x: 245.51659585295377
    y: 41.0
    z: -140.56361790619098
    yaw: 177.5430908203125
    pitch: 27.62989616394043
