teleportenabled: true
teleportauto: false
godmode: false
muted: false
jailed: false
ip-address: 175.158.50.150
afk: false
socialspy: false
npc: false
powertoolsenabled: true
accepting-pay: true
baltop-exempt: false
timestamps:
  lastteleport: 1681118984690
  lastheal: 0
  mute: 0
  jail: 0
  onlinejail: 0
  logout: 1681119119251
  login: 1681118780805
money: '0'
last-account-name: dvelix21
logoutlocation:
  world: 9a1a0f89-647a-486f-b5bb-46b01bf7ca9f
  world-name: world
  x: 163.01374079717635
  y: 93.0
  z: -174.4290864704932
  yaw: 75.08594512939453
  pitch: 30.477214813232422
lastlocation:
  world: 9a1a0f89-647a-486f-b5bb-46b01bf7ca9f
  world-name: world
  x: 245.08708767648068
  y: 38.5
  z: -141.33449169828393
  yaw: -102.07046508789062
  pitch: -5.426058769226074
homes:
  home:
    world: 9a1a0f89-647a-486f-b5bb-46b01bf7ca9f
    world-name: world
    x: 157.58902870505415
    y: 126.0
    z: -209.39914754792972
    yaw: -89.54852294921875
    pitch: 84.32379913330078
  alpat:
    world: 9a1a0f89-647a-486f-b5bb-46b01bf7ca9f
    world-name: world
    x: 783.6999999880791
    y: 100.0
    z: 91.30000001192093
    yaw: 54.7333984375
    pitch: 22.80281639099121
  ande:
    world: 9a1a0f89-647a-486f-b5bb-46b01bf7ca9f
    world-name: world
    x: 235.30000001192093
    y: 57.0
    z: -243.30247080143462
    yaw: -178.4722900390625
    pitch: -5.198662281036377
  dessert:
    world: 9a1a0f89-647a-486f-b5bb-46b01bf7ca9f
    world-name: world
    x: 357.69999998807907
    y: 63.0
    z: 1426.699999988079
    yaw: -101.33958435058594
    pitch: 9.697352409362793
  zspawn:
    world: 9a1a0f89-647a-486f-b5bb-46b01bf7ca9f
    world-name: world
    x: 245.51659585295377
    y: 41.0
    z: -140.56361790619098
    yaw: 177.5430908203125
    pitch: 27.62989616394043
